$ANSIBLE_VAULT;1.1;AES256
35356163326663646661633131336263363933393739333737363065333662373061613939376338
3834636131343364333938626163643365656437303134300a353832356164386238396136343663
37383266636439386330323562663333623036363731306265373364326431626637633634613831
3961343731396264330a666139643637303539313135373334343633323130633734666432643865
34633737373836663462643736323839663263363533303138666531636665353933363039323630
30326263363238653430623234316166366133383431643435383966346235653161353465636539
33613564306261386236316132643566653137303665653234646261383263383964663862353865
32353166616635643637303633343064323532396531623739666364633335333966623563336565
31366133333061343730626534383833316330643661306639393565663165353138323637313863
65666631343664363337643132333239323536313637376437633439346336393465626334373864
31356632643165656237363432383932646432633766313832353134303263663338336231633564
66663431366533363763613035313739633938303165383064313433373438313936366162626664
34393331383432313137636431343135393839313239656230653564663631343930383265356263
61343539353939616337653236613761363731626439663163323139366230343163613639376536
38386539346162386161313530303036313764656363326235643030663564326665313136343639
61306264636337393462623436656439333031643936373861663466666465636431613639323236
64303864666362353830633932623462363436313331363330383666323164616661643366326134
65353831333864663365633338313638656665306230633661333264656463613365633730636538
38393035353339636465616238386666396264633535663432373061616331646237303834313131
37333164373966316339616464666563356661306636613334323366303364373865663238323735
66346662656233316362396264353931656164623864313866646565336333336439656433626435
61373134323037363661353732653231613137346430373162326561613834396563373364633761
62336263363033303564663536623235306633333435373538326164363439303735386561326463
62653231646339633233333132633964643634666362373231613536316336366134643535316438
3830
