$ANSIBLE_VAULT;1.1;AES256
36376565393761326633303036396533663533373235373561313838373265393735663239333738
6633653363303537323965333835663233643834336430660a363136386636636361383136303664
36646461323039323435323833333133326264636262353266303164393065373534663564623834
3465363230336539630a636334363666393431666566656331393465383733393863666639376637
61656238626430373262633931626331336537356263643133393764643537313830393130303832
34306535626438343463356262383735353166383335393530343630366338313832363264616666
66333133633739623830356235316235396131396437376163646630616233346130373139613734
64653138343864653339306530646235373761383562623133363261393330343661366631316437
33383464383537396539613631323030303363623831323932353239646632356335616337396166
33323838336161306165316332383037336461363364656139376635336637363139613639313338
62653266383666643762376537633462383339336631666165373364383738383466303331656563
61316230323332636363323866363762373531303762656134643137623631303738353861366332
61326636306237633835646132633335333536353264633363646263653033316462383534353437
37633136336532396336636338373566326461353138633134636636656335666231666533636633
31633032326239333565656539323231343966333139643166623063303033303462373165353061
66313737363766633230383435343732393532313530376633333334646535626138653362316163
35393834363037363436376535303664313135663139303632373866646565623636663339343437
33646134613661643235303638356463326639323066333437653265626166353162666434313465
39663932323738303335613336656133643265666230306536396465316339336661333661393332
62306261363036653934303261633439363636633333323763616565393162643035366266316363
35303833343331303061333639386339323562643234326531393966396637346261316332663932
32383762636230393361646232373036353864663464306230323134393664613131393333636334
66373137623936663733383364623961303262393366306134656438313637666132616434666562
64336130326561336464353238373038376261323562666438366262633233643131393865313133
6462
