$ANSIBLE_VAULT;1.1;AES256
34343963656131396332626239363237313433386638613238636330643065653363303630353933
3934373334356432666362306462383634386439343861630a373936343366653630306466653834
31643961336462356632313834623265613339376636646631663136663166333134373666323265
6263393766323761620a643263383436626438363837326131656662326265323139373531353136
36353366613832663764343138363230646263316264336561396630343639386637623361653363
36633466666338346163346136636661626630316264626662623863353438643463313436363336
65633236346631346135643362333262616530643262326264616161623131623135616332396533
63386264373933393562663030363166646531366164313137336338383432376365663436383966
39333730633731376330326537613730376565373136326631656661666665303536633237363339
61616461396664633362656133366230663532343033646536353434373432616566303362383465
66643034373931376461663361643337653434356362643964613861376630313563346330633064
65356632643861646239386130363234336637326233386530343838356266613063373134306535
31663861633431346337643036313939343561346665346530643130306333323264303431623834
66643864633833313135383965363164656130303933636335336534333232396362623363636133
31343263613234613532326333323338666639633161373137613538343730356334333635373530
39343533356161393865636435333833393632396134666239393463346237636435316138323061
36316464386539303934316139616638663838396266623361366533323036663532303234313563
35376665653139393136613863363862633230656262376564336565646565353566643766383134
37663161643436346633613461633361373433336435326130626238303537323434623366346131
61386538623365316533336166383335373239373934643634666361633466626331386232323838
39396534393633363732653837316566313836376366333262363833656632636433636539363836
62373163616538633666643766343032343338356432393933623366636634383664336565383563
31316564376133383433336563343930656334386536643338643263363565653738383462343864
64393265346230633930396133663465666531353563643266666434616636333961316562623162
66316230633263333861383235313335626532646334326138313763386161363830
