$ANSIBLE_VAULT;1.1;AES256
31633635333133353333336631363265636363336533366662663738653164363965386365623130
3166666263663139303064663838313361643531346435380a373430393865356561343932623134
33363130643561666262633138306665376230643963373261646235383566643033306232646461
6236393735303661620a343762666662376666366163326665333930663365343262356565303735
35333530656136623035396239613230633035313664626638626336373932363864613530303439
66373632623534396538353166373235313635636531343666363563656131656339663239666436
37633837303237666565346162333833636438396664383030343465643730366439363037666436
38323432333762383638656531666131393266383239396266633638316434303962383238666234
63343364306536326235653130656136646238373631653633396362353338636465343833343837
37633233613433333638623366626465643663633838636462653036613434653864326364373264
38343666353666383035396464336238353666653236306662376638356238343532353236313063
38633063323364353363656536353039333034613761616161613632313362356139396532333839
33313132333765316338353661383335356565343664353435623639626630316261356634326336
31393637373336666262633162346435656538366133646432616230346536646635336162646430
38333633633062353138623238623965333261363666646161323733343937333135663139643430
36663130633232393830316263323835373563613635363061376231666466663831656336323935
66393435336166316364363138326266643964313238393064386639393037626134376562386338
36313935306635366534323534376133313937366662663462303864396361663535306261353131
66333730353965663461663365303235633130306138373835353062346632313762613437346666
37346264363436386665353837666435313535303035656533626131326331333730613334313733
66393131323233633330396538373836393133323964313164616331336261333931633030653633
35396636326330316362373239313337353338306239353039636536623963633634633533616139
34633531643663623632396631343436663538333939366333633738386337393761333931386233
39373563636439386330313265306166313439643163383763366265353338633135356638313832
62353937376238343964646138666233343330613539336631363630376532646137
