$ANSIBLE_VAULT;1.1;AES256
31666534393032326466313639363531663563393965373963373834306563316664323031363862
3937313837653531373537666535623531326461323166620a396435326532613163663861636434
65376536323234643164646663643163313863306461316333366264633435336463353530343236
6539383031306139380a633763393139313637623137643663616533376130316564343663356162
33316631636464386635643135636332666632386264646365623531303437353762333136323764
35313037363635376130383934306436633161636363373232383734353631616538376135363266
30306536643364313936326434623633316437303861396134653932393536396338636663386165
34356665616638333833373336373064663966346164633861666136646537343037323364623533
66383934313839323366343832623961653638623832346166643331356236633931653034333732
31636533383732336363356461336263303464366435623934313464386237313531363662393961
34653332366434326536393466663364353361393064616237326262653763666632623138613938
66373565333937386664333766616163663139666632343039353765363732363663336230663236
61653937343063356565373138623566313334373664666132393065623332356231663766336538
30363037393837333634623031636530343562353465313434313037306365356666616434363836
65313938356332316164666230336331376537363762646534336538356466653965383130383639
30393031633930373263383037646264623433643663633530383764336464323734323761323663
33663938343133666132306532353766353737313837643263303837373431393630663163346366
65633264663234383231613737653938633066393331363464356531316665303233613466643564
35613834383239623765366366656635623063396539666136313763623638356266366636666232
64393639666330313666653132626165353433363464333839383933306266616339396564663031
37636362656431633535643663353661393437333231373031386432626561323061353562336465
35623636303534336465613864356535623731353436663439376164393461306136623137316134
33636662373232383037366461376265326230663135613134643737353034376463333139383030
31666161356466666238323838316563626531623734366333613065323662326233363131323737
64616134643862393064393735393066643933303433623565313461353761646330
